#Layer_Color=15138737
#
#Feature symbol names
#
$0 r3.937
$1 rect27.5039x117.0709

#
#Feature attribute names
#

#
#Layer features
#
A 0.374055 0.5309449 0.374055 0.5309449 0.35437 0.5309449 0 P 0 N
A 1.7632677 0.5764173 1.7632677 0.5764173 1.7435827 0.5764173 0 P 0 N
A 2.1902755 1.5594094 2.1902755 1.5594094 2.1705905 1.5594094 0 P 0 N
L 0.0662992 1.8265354 0.0662992 1.8934646 0 P 0
L 0.0662992 1.8265354 0.1037008 1.8265354 0 P 0
L 0.0662992 1.8934646 0.1037008 1.8934646 0 P 0
L 0.1037008 1.8265354 0.1037008 1.8934646 0 P 0
L 0.1330708 1.964567 0.1330708 2.0354331 0 P 0
L 0.1330708 1.964567 0.2669291 1.964567 0 P 0
L 0.1330708 2.0354331 0.2669291 2.0354331 0 P 0
L 0.1562992 1.8265354 0.1562992 1.8934646 0 P 0
L 0.1562992 1.8265354 0.1937008 1.8265354 0 P 0
L 0.1562992 1.8934646 0.1937008 1.8934646 0 P 0
L 0.1712992 0.8865354 0.1712992 0.9534646 0 P 0
L 0.1712992 0.8865354 0.2087008 0.8865354 0 P 0
L 0.1712992 0.9534646 0.2087008 0.9534646 0 P 0
L 0.1722835 0.3315354 0.1722835 0.3984646 0 P 0
L 0.1722835 0.3315354 0.2077165 0.3315354 0 P 0
L 0.1722835 0.3984646 0.2077165 0.3984646 0 P 0
L 0.1937008 1.8265354 0.1937008 1.8934646 0 P 0
L 0.2077165 0.3315354 0.2077165 0.3984646 0 P 0
L 0.2087008 0.8865354 0.2087008 0.9534646 0 P 0
L 0.2265354 1.5512992 0.2265354 1.5887008 0 P 0
L 0.2265354 1.5512992 0.2934646 1.5512992 0 P 0
L 0.2265354 1.5887008 0.2934646 1.5887008 0 P 0
L 0.2265354 1.6362992 0.2265354 1.6737008 0 P 0
L 0.2265354 1.6362992 0.2934646 1.6362992 0 P 0
L 0.2265354 1.6737008 0.2934646 1.6737008 0 P 0
L 0.2265354 1.7162992 0.2265354 1.7537008 0 P 0
L 0.2265354 1.7162992 0.2934646 1.7162992 0 P 0
L 0.2265354 1.7537008 0.2934646 1.7537008 0 P 0
L 0.2272835 1.8165354 0.2272835 1.8834646 0 P 0
L 0.2272835 1.8165354 0.2627165 1.8165354 0 P 0
L 0.2272835 1.8834646 0.2627165 1.8834646 0 P 0
L 0.2315354 1.3812992 0.2315354 1.4187008 0 P 0
L 0.2315354 1.3812992 0.2984646 1.3812992 0 P 0
L 0.2315354 1.4187008 0.2984646 1.4187008 0 P 0
L 0.2315354 1.4662992 0.2315354 1.5037008 0 P 0
L 0.2315354 1.4662992 0.2984646 1.4662992 0 P 0
L 0.2315354 1.5037008 0.2984646 1.5037008 0 P 0
L 0.2322835 0.3315354 0.2322835 0.3984646 0 P 0
L 0.2322835 0.3315354 0.2677165 0.3315354 0 P 0
L 0.2322835 0.3984646 0.2677165 0.3984646 0 P 0
L 0.2512992 0.8865354 0.2512992 0.9534646 0 P 0
L 0.2512992 0.8865354 0.2887008 0.8865354 0 P 0
L 0.2512992 0.9534646 0.2887008 0.9534646 0 P 0
L 0.2575197 1.0544095 0.2575197 1.1055906 0 P 0
L 0.2575197 1.0544095 0.3724803 1.0544095 0 P 0
L 0.2575197 1.1055906 0.3724803 1.1055906 0 P 0
L 0.2627165 1.8165354 0.2627165 1.8834646 0 P 0
L 0.2669291 1.964567 0.2669291 2.0354331 0 P 0
L 0.2677165 0.3315354 0.2677165 0.3984646 0 P 0
L 0.2765354 0.2512992 0.2765354 0.2887008 0 P 0
L 0.2765354 0.2512992 0.3434646 0.2512992 0 P 0
L 0.2765354 0.2887008 0.3434646 0.2887008 0 P 0
L 0.2887008 0.8865354 0.2887008 0.9534646 0 P 0
L 0.2934646 1.5512992 0.2934646 1.5887008 0 P 0
L 0.2934646 1.6362992 0.2934646 1.6737008 0 P 0
L 0.2934646 1.7162992 0.2934646 1.7537008 0 P 0
L 0.2984646 1.3812992 0.2984646 1.4187008 0 P 0
L 0.2984646 1.4662992 0.2984646 1.5037008 0 P 0
L 0.318937 0.363622 0.318937 0.566378 0 P 0
L 0.318937 0.363622 0.561063 0.363622 0 P 0
L 0.318937 0.566378 0.561063 0.566378 0 P 0
L 0.3362992 0.8890157 0.3362992 0.9559449 0 P 0
L 0.3362992 0.8890157 0.3737008 0.8890157 0 P 0
L 0.3362992 0.9559449 0.3737008 0.9559449 0 P 0
L 0.3372835 0.6165354 0.3372835 0.6834646 0 P 0
L 0.3372835 0.6165354 0.3727165 0.6165354 0 P 0
L 0.3372835 0.6834646 0.3727165 0.6834646 0 P 0
L 0.3434646 0.2512992 0.3434646 0.2887008 0 P 0
L 0.345 2.1765748 0.345 2.3734252 0 P 0
L 0.345 2.1765748 0.455 2.1765748 0 P 0
L 0.345 2.3734252 0.455 2.3734252 0 P 0
L 0.3724803 1.0544095 0.3724803 1.1055906 0 P 0
L 0.3727165 0.6165354 0.3727165 0.6834646 0 P 0
L 0.3730709 1.9645669 0.3730709 2.035433 0 P 0
L 0.3730709 1.9645669 0.5069292 1.9645669 0 P 0
L 0.3730709 2.035433 0.5069292 2.035433 0 P 0
L 0.3737008 0.8890157 0.3737008 0.9559449 0 P 0
L 0.3772835 0.7315354 0.3772835 0.7984646 0 P 0
L 0.3772835 0.7315354 0.4127165 0.7315354 0 P 0
L 0.3772835 0.7984646 0.4127165 0.7984646 0 P 0
L 0.4127165 0.7315354 0.4127165 0.7984646 0 P 0
L 0.4212992 0.9565354 0.4212992 1.0234646 0 P 0
L 0.4212992 0.9565354 0.4587008 0.9565354 0 P 0
L 0.4212992 1.0234646 0.4587008 1.0234646 0 P 0
L 0.4265354 0.2512992 0.4265354 0.2887008 0 P 0
L 0.4265354 0.2512992 0.4934646 0.2512992 0 P 0
L 0.4265354 0.2887008 0.4934646 0.2887008 0 P 0
L 0.4265354 0.6022835 0.4265354 0.6377165 0 P 0
L 0.4265354 0.6022835 0.4934646 0.6022835 0 P 0
L 0.4265354 0.6377165 0.4934646 0.6377165 0 P 0
L 0.4412992 1.8415354 0.4412992 1.9084646 0 P 0
L 0.4412992 1.8415354 0.4787008 1.8415354 0 P 0
L 0.4412992 1.9084646 0.4787008 1.9084646 0 P 0
L 0.455 2.1765748 0.455 2.3734252 0 P 0
L 0.4587008 0.9565354 0.4587008 1.0234646 0 P 0
L 0.4665354 0.8672835 0.4665354 0.9027165 0 P 0
L 0.4665354 0.8672835 0.5334646 0.8672835 0 P 0
L 0.4665354 0.9027165 0.5334646 0.9027165 0 P 0
L 0.4772835 2.1715354 0.4772835 2.2384646 0 P 0
L 0.4772835 2.1715354 0.5127165 2.1715354 0 P 0
L 0.4772835 2.2384646 0.5127165 2.2384646 0 P 0
L 0.4787008 1.8415354 0.4787008 1.9084646 0 P 0
L 0.4934646 0.2512992 0.4934646 0.2887008 0 P 0
L 0.4934646 0.6022835 0.4934646 0.6377165 0 P 0
L 0.5069292 1.9645669 0.5069292 2.035433 0 P 0
L 0.5127165 2.1715354 0.5127165 2.2384646 0 P 0
L 0.5334646 0.8672835 0.5334646 0.9027165 0 P 0
L 0.5594094 1.8179134 0.5594094 1.9320866 0 P 0
L 0.5594094 1.8179134 0.6105906 1.8179134 0 P 0
L 0.5594094 1.9320866 0.6105906 1.9320866 0 P 0
L 0.561063 0.363622 0.561063 0.566378 0 P 0
L 0.5662992 0.2065354 0.5662992 0.2734646 0 P 0
L 0.5662992 0.2065354 0.6037008 0.2065354 0 P 0
L 0.5662992 0.2734646 0.6037008 0.2734646 0 P 0
L 0.5672835 0.0815354 0.5672835 0.1484646 0 P 0
L 0.5672835 0.0815354 0.6027165 0.0815354 0 P 0
L 0.5672835 0.1484646 0.6027165 0.1484646 0 P 0
L 0.5812992 0.8865354 0.5812992 0.9534646 0 P 0
L 0.5812992 0.8865354 0.6187008 0.8865354 0 P 0
L 0.5812992 0.9534646 0.6187008 0.9534646 0 P 0
L 0.6027165 0.0815354 0.6027165 0.1484646 0 P 0
L 0.6037008 0.2065354 0.6037008 0.2734646 0 P 0
L 0.6105906 1.8179134 0.6105906 1.9320866 0 P 0
L 0.612126 0.7211418 0.612126 0.8388583 0 P 0
L 0.612126 0.7211418 0.677874 0.7211418 0 P 0
L 0.612126 0.8388583 0.677874 0.8388583 0 P 0
L 0.6187008 0.8865354 0.6187008 0.9534646 0 P 0
L 0.677874 0.7211418 0.677874 0.8388583 0 P 0
L 0.6915354 1.8962992 0.6915354 1.9337008 0 P 0
L 0.6915354 1.8962992 0.7584646 1.8962992 0 P 0
L 0.6915354 1.9337008 0.7584646 1.9337008 0 P 0
L 0.6962992 0.8865354 0.6962992 0.9534646 0 P 0
L 0.6962992 0.8865354 0.7337008 0.8865354 0 P 0
L 0.6962992 0.9534646 0.7337008 0.9534646 0 P 0
L 0.7337008 0.8865354 0.7337008 0.9534646 0 P 0
L 0.7584646 1.8962992 0.7584646 1.9337008 0 P 0
L 0.7962992 0.8265354 0.7962992 0.8934646 0 P 0
L 0.7962992 0.8265354 0.8337008 0.8265354 0 P 0
L 0.7962992 0.8934646 0.8337008 0.8934646 0 P 0
L 0.8065354 1.8072835 0.8065354 1.8427165 0 P 0
L 0.8065354 1.8072835 0.8734646 1.8072835 0 P 0
L 0.8065354 1.8427165 0.8734646 1.8427165 0 P 0
L 0.8337008 0.8265354 0.8337008 0.8934646 0 P 0
L 0.8734646 1.8072835 0.8734646 1.8427165 0 P 0
L 0.9165354 1.8072835 0.9165354 1.8427165 0 P 0
L 0.9165354 1.8072835 0.9834646 1.8072835 0 P 0
L 0.9165354 1.8427165 0.9834646 1.8427165 0 P 0
L 0.9834646 1.8072835 0.9834646 1.8427165 0 P 0
L 1.0265354 1.8072835 1.0265354 1.8427165 0 P 0
L 1.0265354 1.8072835 1.0934646 1.8072835 0 P 0
L 1.0265354 1.8427165 1.0934646 1.8427165 0 P 0
L 1.0934646 1.8072835 1.0934646 1.8427165 0 P 0
L 1.1212992 1.6915354 1.1212992 1.7584646 0 P 0
L 1.1212992 1.6915354 1.1587008 1.6915354 0 P 0
L 1.1212992 1.7584646 1.1587008 1.7584646 0 P 0
L 1.1365354 1.6022835 1.1365354 1.6377165 0 P 0
L 1.1365354 1.6022835 1.2034646 1.6022835 0 P 0
L 1.1365354 1.6377165 1.2034646 1.6377165 0 P 0
L 1.1587008 1.6915354 1.1587008 1.7584646 0 P 0
L 1.2034646 1.6022835 1.2034646 1.6377165 0 P 0
L 1.2315354 1.8212992 1.2315354 1.8587008 0 P 0
L 1.2315354 1.8212992 1.2984646 1.8212992 0 P 0
L 1.2315354 1.8587008 1.2984646 1.8587008 0 P 0
L 1.2315354 1.9012992 1.2315354 1.9387008 0 P 0
L 1.2315354 1.9012992 1.2984646 1.9012992 0 P 0
L 1.2315354 1.9387008 1.2984646 1.9387008 0 P 0
L 1.2965354 0.1362992 1.2965354 0.1737008 0 P 0
L 1.2965354 0.1362992 1.3634646 0.1362992 0 P 0
L 1.2965354 0.1737008 1.3634646 0.1737008 0 P 0
L 1.2984646 1.8212992 1.2984646 1.8587008 0 P 0
L 1.2984646 1.9012992 1.2984646 1.9387008 0 P 0
L 1.3634646 0.1362992 1.3634646 0.1737008 0 P 0
L 1.3815354 1.8212992 1.3815354 1.8587008 0 P 0
L 1.3815354 1.8212992 1.4484646 1.8212992 0 P 0
L 1.3815354 1.8587008 1.4484646 1.8587008 0 P 0
L 1.3815354 1.9012992 1.3815354 1.9387008 0 P 0
L 1.3815354 1.9012992 1.4484646 1.9012992 0 P 0
L 1.3815354 1.9387008 1.4484646 1.9387008 0 P 0
L 1.4272835 0.4065354 1.4272835 0.4734646 0 P 0
L 1.4272835 0.4065354 1.4627165 0.4065354 0 P 0
L 1.4272835 0.4734646 1.4627165 0.4734646 0 P 0
L 1.4272835 0.5215354 1.4272835 0.5884646 0 P 0
L 1.4272835 0.5215354 1.4627165 0.5215354 0 P 0
L 1.4272835 0.5884646 1.4627165 0.5884646 0 P 0
L 1.4484646 1.8212992 1.4484646 1.8587008 0 P 0
L 1.4484646 1.9012992 1.4484646 1.9387008 0 P 0
L 1.4627165 0.4065354 1.4627165 0.4734646 0 P 0
L 1.4627165 0.5215354 1.4627165 0.5884646 0 P 0
L 1.5065354 0.4612992 1.5065354 0.4987008 0 P 0
L 1.5065354 0.4612992 1.5734646 0.4612992 0 P 0
L 1.5065354 0.4987008 1.5734646 0.4987008 0 P 0
L 1.5203544 1.272126 1.5203544 1.6520472 0 P 0
L 1.5203544 1.272126 1.9396457 1.272126 0 P 0
L 1.5203544 1.6520472 1.9396457 1.6520472 0 P 0
L 1.5252362 1.0413071 1.5252362 1.1121733 0 P 0
L 1.5252362 1.0413071 1.6472834 1.0413071 0 P 0
L 1.5252362 1.1121733 1.6472834 1.1121733 0 P 0
L 1.5265354 1.9312992 1.5265354 1.9687008 0 P 0
L 1.5265354 1.9312992 1.5934646 1.9312992 0 P 0
L 1.5265354 1.9687008 1.5934646 1.9687008 0 P 0
L 1.5477952 0.9490237 1.5477952 0.9844567 0 P 0
L 1.5477952 0.9490237 1.6147244 0.9490237 0 P 0
L 1.5477952 0.9844567 1.6147244 0.9844567 0 P 0
L 1.5622835 0.2915354 1.5622835 0.3584646 0 P 0
L 1.5622835 0.2915354 1.5977165 0.2915354 0 P 0
L 1.5622835 0.3584646 1.5977165 0.3584646 0 P 0
L 1.5734646 0.4612992 1.5734646 0.4987008 0 P 0
L 1.5934646 1.9312992 1.5934646 1.9687008 0 P 0
L 1.5977165 0.2915354 1.5977165 0.3584646 0 P 0
L 1.6147244 0.9490237 1.6147244 0.9844567 0 P 0
L 1.6472834 1.0413071 1.6472834 1.1121733 0 P 0
L 1.6752362 1.0413071 1.6752362 1.1121733 0 P 0
L 1.6752362 1.0413071 1.7972834 1.0413071 0 P 0
L 1.6752362 1.1121733 1.7972834 1.1121733 0 P 0
L 1.6765354 1.9312992 1.6765354 1.9687008 0 P 0
L 1.6765354 1.9312992 1.7434646 1.9312992 0 P 0
L 1.6765354 1.9687008 1.7434646 1.9687008 0 P 0
L 1.6915354 0.6822835 1.6915354 0.7177165 0 P 0
L 1.6915354 0.6822835 1.7584646 0.6822835 0 P 0
L 1.6915354 0.7177165 1.7584646 0.7177165 0 P 0
L 1.6922835 0.1265354 1.6922835 0.1934646 0 P 0
L 1.6922835 0.1265354 1.7277165 0.1265354 0 P 0
L 1.6922835 0.1934646 1.7277165 0.1934646 0 P 0
L 1.7027952 0.9540237 1.7027952 0.9894567 0 P 0
L 1.7027952 0.9540237 1.7697244 0.9540237 0 P 0
L 1.7027952 0.9894567 1.7697244 0.9894567 0 P 0
L 1.7035039 0.889252 1.7035039 0.920748 0 P 0
L 1.7035039 0.889252 1.7664961 0.889252 0 P 0
L 1.7035039 0.920748 1.7664961 0.920748 0 P 0
L 1.7081496 0.2181496 1.7081496 0.6118504 0 P 0
L 1.7081496 0.2181496 2.1018504 0.2181496 0 P 0
L 1.7081496 0.6118504 2.1018504 0.6118504 0 P 0
L 1.7277165 0.1265354 1.7277165 0.1934646 0 P 0
L 1.7434646 1.9312992 1.7434646 1.9687008 0 P 0
L 1.7584646 0.6822835 1.7584646 0.7177165 0 P 0
L 1.7664961 0.889252 1.7664961 0.920748 0 P 0
L 1.7697244 0.9540237 1.7697244 0.9894567 0 P 0
L 1.7972834 1.0413071 1.7972834 1.1121733 0 P 0
L 1.8099606 1.9322835 1.8099606 1.9677165 0 P 0
L 1.8099606 1.9322835 1.8768898 1.9322835 0 P 0
L 1.8099606 1.9677165 1.8768898 1.9677165 0 P 0
L 1.8302362 1.0413071 1.8302362 1.1121733 0 P 0
L 1.8302362 1.0413071 1.9522834 1.0413071 0 P 0
L 1.8302362 1.1121733 1.9522834 1.1121733 0 P 0
L 1.8515354 0.9502835 1.8515354 0.9857165 0 P 0
L 1.8515354 0.9502835 1.9184646 0.9502835 0 P 0
L 1.8515354 0.9857165 1.9184646 0.9857165 0 P 0
L 1.8768898 1.9322835 1.8768898 1.9677165 0 P 0
L 1.9184646 0.9502835 1.9184646 0.9857165 0 P 0
L 1.9396457 1.272126 1.9396457 1.6520472 0 P 0
L 1.9522834 1.0413071 1.9522834 1.1121733 0 P 0
L 1.9612992 1.4015354 1.9612992 1.4684646 0 P 0
L 1.9612992 1.4015354 1.9987008 1.4015354 0 P 0
L 1.9612992 1.4684646 1.9987008 1.4684646 0 P 0
L 1.9612992 1.5365354 1.9612992 1.6034646 0 P 0
L 1.9612992 1.5365354 1.9987008 1.5365354 0 P 0
L 1.9612992 1.6034646 1.9987008 1.6034646 0 P 0
L 1.9715354 1.9122835 1.9715354 1.9477165 0 P 0
L 1.9715354 1.9122835 2.0384646 1.9122835 0 P 0
L 1.9715354 1.9477165 2.0384646 1.9477165 0 P 0
L 1.9815354 1.2962992 1.9815354 1.3337008 0 P 0
L 1.9815354 1.2962992 2.0484646 1.2962992 0 P 0
L 1.9815354 1.3337008 2.0484646 1.3337008 0 P 0
L 1.9987008 1.4015354 1.9987008 1.4684646 0 P 0
L 1.9987008 1.5365354 1.9987008 1.6034646 0 P 0
L 2.0112992 1.7765354 2.0112992 1.8434646 0 P 0
L 2.0112992 1.7765354 2.0487008 1.7765354 0 P 0
L 2.0112992 1.8434646 2.0487008 1.8434646 0 P 0
L 2.0384646 1.9122835 2.0384646 1.9477165 0 P 0
L 2.0484646 1.2962992 2.0484646 1.3337008 0 P 0
L 2.0487008 1.7765354 2.0487008 1.8434646 0 P 0
L 2.0515354 0.1172835 2.0515354 0.1527165 0 P 0
L 2.0515354 0.1172835 2.1184646 0.1172835 0 P 0
L 2.0515354 0.1527165 2.1184646 0.1527165 0 P 0
L 2.0565354 1.3712992 2.0565354 1.4087008 0 P 0
L 2.0565354 1.3712992 2.1234646 1.3712992 0 P 0
L 2.0565354 1.4087008 2.1234646 1.4087008 0 P 0
L 2.0839763 1.5239763 2.0839763 1.6460235 0 P 0
L 2.0839763 1.5239763 2.2060236 1.5239763 0 P 0
L 2.0839763 1.6460235 2.2060236 1.6460235 0 P 0
L 2.0962992 1.7765354 2.0962992 1.8434646 0 P 0
L 2.0962992 1.7765354 2.1337008 1.7765354 0 P 0
L 2.0962992 1.8434646 2.1337008 1.8434646 0 P 0
L 2.1018504 0.2181496 2.1018504 0.6118504 0 P 0
L 2.1184646 0.1172835 2.1184646 0.1527165 0 P 0
L 2.1234646 1.3712992 2.1234646 1.4087008 0 P 0
L 2.1337008 1.7765354 2.1337008 1.8434646 0 P 0
L 2.1365354 1.4572835 2.1365354 1.4927165 0 P 0
L 2.1365354 1.4572835 2.2034646 1.4572835 0 P 0
L 2.1365354 1.4927165 2.2034646 1.4927165 0 P 0
L 2.1772835 0.5615354 2.1772835 0.6284646 0 P 0
L 2.1772835 0.5615354 2.2127165 0.5615354 0 P 0
L 2.1772835 0.6284646 2.2127165 0.6284646 0 P 0
L 2.1812992 1.7765354 2.1812992 1.8434646 0 P 0
L 2.1812992 1.7765354 2.2187008 1.7765354 0 P 0
L 2.1812992 1.8434646 2.2187008 1.8434646 0 P 0
L 2.2034646 1.4572835 2.2034646 1.4927165 0 P 0
L 2.2060236 1.5239763 2.2060236 1.6460235 0 P 0
L 2.2127165 0.5615354 2.2127165 0.6284646 0 P 0
L 2.2179134 1.3194094 2.2179134 1.3705906 0 P 0
L 2.2179134 1.3194094 2.3320866 1.3194094 0 P 0
L 2.2179134 1.3705906 2.3320866 1.3705906 0 P 0
L 2.2187008 1.7765354 2.2187008 1.8434646 0 P 0
L 2.2415354 1.6712992 2.2415354 1.7087008 0 P 0
L 2.2415354 1.6712992 2.3084646 1.6712992 0 P 0
L 2.2415354 1.7087008 2.3084646 1.7087008 0 P 0
L 2.2515354 0.0622835 2.2515354 0.0977165 0 P 0
L 2.2515354 0.0622835 2.3184646 0.0622835 0 P 0
L 2.2515354 0.0977165 2.3184646 0.0977165 0 P 0
L 2.2515354 0.1362992 2.2515354 0.1737008 0 P 0
L 2.2515354 0.1362992 2.3184646 0.1362992 0 P 0
L 2.2515354 0.1737008 2.3184646 0.1737008 0 P 0
L 2.2615354 0.2062992 2.2615354 0.2437008 0 P 0
L 2.2615354 0.2062992 2.3284646 0.2062992 0 P 0
L 2.2615354 0.2437008 2.3284646 0.2437008 0 P 0
L 2.2662992 0.5265354 2.2662992 0.5934646 0 P 0
L 2.2662992 0.5265354 2.3037008 0.5265354 0 P 0
L 2.2662992 0.5934646 2.3037008 0.5934646 0 P 0
L 2.2662992 1.7765354 2.2662992 1.8434646 0 P 0
L 2.2662992 1.7765354 2.3037008 1.7765354 0 P 0
L 2.2662992 1.8434646 2.3037008 1.8434646 0 P 0
L 2.2812992 1.0965354 2.2812992 1.1634646 0 P 0
L 2.2812992 1.0965354 2.3187008 1.0965354 0 P 0
L 2.2812992 1.1634646 2.3187008 1.1634646 0 P 0
L 2.2962992 1.5465354 2.2962992 1.6134646 0 P 0
L 2.2962992 1.5465354 2.3337008 1.5465354 0 P 0
L 2.2962992 1.6134646 2.3337008 1.6134646 0 P 0
L 2.3037008 0.5265354 2.3037008 0.5934646 0 P 0
L 2.3037008 1.7765354 2.3037008 1.8434646 0 P 0
L 2.3084646 1.6712992 2.3084646 1.7087008 0 P 0
L 2.3184646 0.0622835 2.3184646 0.0977165 0 P 0
L 2.3184646 0.1362992 2.3184646 0.1737008 0 P 0
L 2.3187008 1.0965354 2.3187008 1.1634646 0 P 0
L 2.3284646 0.2062992 2.3284646 0.2437008 0 P 0
L 2.3320866 1.3194094 2.3320866 1.3705906 0 P 0
L 2.3337008 1.5465354 2.3337008 1.6134646 0 P 0
L 2.3665354 0.5062992 2.3665354 0.5437008 0 P 0
L 2.3665354 0.5062992 2.4334646 0.5062992 0 P 0
L 2.3665354 0.5437008 2.4334646 0.5437008 0 P 0
L 2.4334646 0.5062992 2.4334646 0.5437008 0 P 0
L 2.5 1.18 2.5 1.595 0 P 0
L 2.5 1.18 2.7587402 1.18 0 P 0
L 2.5 1.595 2.7587402 1.595 0 P 0
L 2.5080708 1.9645669 2.5080708 2.035433 0 P 0
L 2.5080708 1.9645669 2.6419291 1.9645669 0 P 0
L 2.5080708 2.035433 2.6419291 2.035433 0 P 0
L 2.5230708 2.2618504 2.5230708 2.3681496 0 P 0
L 2.5230708 2.2618504 2.6569291 2.2618504 0 P 0
L 2.5230708 2.3681496 2.6569291 2.3681496 0 P 0
L 2.6352363 0.7794094 2.6352363 0.8955512 0 P 0
L 2.6352363 0.7794094 2.8222441 0.7794094 0 P 0
L 2.6352363 0.8955512 2.8222441 0.8955512 0 P 0
L 2.6419291 1.9645669 2.6419291 2.035433 0 P 0
L 2.6569291 2.2618504 2.6569291 2.3681496 0 P 0
L 2.6865354 0.5612992 2.6865354 0.5987008 0 P 0
L 2.6865354 0.5612992 2.7534646 0.5612992 0 P 0
L 2.6865354 0.5987008 2.7534646 0.5987008 0 P 0
L 2.6915354 0.9262992 2.6915354 0.9637008 0 P 0
L 2.6915354 0.9262992 2.7584646 0.9262992 0 P 0
L 2.6915354 0.9637008 2.7584646 0.9637008 0 P 0
L 2.7534646 0.5612992 2.7534646 0.5987008 0 P 0
L 2.7584646 0.9262992 2.7584646 0.9637008 0 P 0
L 2.7587402 1.18 2.7587402 1.595 0 P 0
L 2.7815354 0.6722835 2.7815354 0.7077165 0 P 0
L 2.7815354 0.6722835 2.8484646 0.6722835 0 P 0
L 2.7815354 0.7077165 2.8484646 0.7077165 0 P 0
L 2.7815354 0.7322835 2.7815354 0.7677165 0 P 0
L 2.7815354 0.7322835 2.8484646 0.7322835 0 P 0
L 2.7815354 0.7677165 2.8484646 0.7677165 0 P 0
L 2.7915354 0.3762992 2.7915354 0.4137008 0 P 0
L 2.7915354 0.3762992 2.8584646 0.3762992 0 P 0
L 2.7915354 0.4137008 2.8584646 0.4137008 0 P 0
L 2.8162992 0.5165354 2.8162992 0.5834646 0 P 0
L 2.8162992 0.5165354 2.8537008 0.5165354 0 P 0
L 2.8162992 0.5834646 2.8537008 0.5834646 0 P 0
L 2.8484646 0.6722835 2.8484646 0.7077165 0 P 0
L 2.8484646 0.7322835 2.8484646 0.7677165 0 P 0
L 2.8537008 0.5165354 2.8537008 0.5834646 0 P 0
L 2.8584646 0.3762992 2.8584646 0.4137008 0 P 0
L 2.9265354 0.1462992 2.9265354 0.1837008 0 P 0
L 2.9265354 0.1462992 2.9934646 0.1462992 0 P 0
L 2.9265354 0.1837008 2.9934646 0.1837008 0 P 0
L 2.9265354 0.2312992 2.9265354 0.2687008 0 P 0
L 2.9265354 0.2312992 2.9934646 0.2312992 0 P 0
L 2.9265354 0.2687008 2.9934646 0.2687008 0 P 0
L 2.9265354 0.4662992 2.9265354 0.5037008 0 P 0
L 2.9265354 0.4662992 2.9934646 0.4662992 0 P 0
L 2.9265354 0.5037008 2.9934646 0.5037008 0 P 0
L 2.9265354 0.5612992 2.9265354 0.5987008 0 P 0
L 2.9265354 0.5612992 2.9934646 0.5612992 0 P 0
L 2.9265354 0.5987008 2.9934646 0.5987008 0 P 0
L 2.9465354 0.3762992 2.9465354 0.4137008 0 P 0
L 2.9465354 0.3762992 3.0134646 0.3762992 0 P 0
L 2.9465354 0.4137008 3.0134646 0.4137008 0 P 0
L 2.9934646 0.1462992 2.9934646 0.1837008 0 P 0
L 2.9934646 0.2312992 2.9934646 0.2687008 0 P 0
L 2.9934646 0.4662992 2.9934646 0.5037008 0 P 0
L 2.9934646 0.5612992 2.9934646 0.5987008 0 P 0
L 3.007126 1.9815748 3.007126 2.076063 0 P 0
L 3.007126 1.9815748 3.272874 1.9815748 0 P 0
L 3.007126 2.0091339 3.272874 2.0091339 0 P 0
L 3.007126 2.076063 3.272874 2.076063 0 P 0
L 3.0134646 0.3762992 3.0134646 0.4137008 0 P 0
L 3.0815354 1.6312992 3.0815354 1.6687008 0 P 0
L 3.0815354 1.6312992 3.1484646 1.6312992 0 P 0
L 3.0815354 1.6687008 3.1484646 1.6687008 0 P 0
L 3.0865354 1.3662992 3.0865354 1.4037008 0 P 0
L 3.0865354 1.3662992 3.1534646 1.3662992 0 P 0
L 3.0865354 1.4037008 3.1534646 1.4037008 0 P 0
L 3.0865354 1.4512992 3.0865354 1.4887008 0 P 0
L 3.0865354 1.4512992 3.1534646 1.4512992 0 P 0
L 3.0865354 1.4887008 3.1534646 1.4887008 0 P 0
L 3.0865354 1.5362992 3.0865354 1.5737008 0 P 0
L 3.0865354 1.5362992 3.1534646 1.5362992 0 P 0
L 3.0865354 1.5737008 3.1534646 1.5737008 0 P 0
L 3.0915354 0.5612992 3.0915354 0.5987008 0 P 0
L 3.0915354 0.5612992 3.1584646 0.5612992 0 P 0
L 3.0915354 0.5987008 3.1584646 0.5987008 0 P 0
L 3.0965354 0.4662992 3.0965354 0.5037008 0 P 0
L 3.0965354 0.4662992 3.1634646 0.4662992 0 P 0
L 3.0965354 0.5037008 3.1634646 0.5037008 0 P 0
L 3.1484646 1.6312992 3.1484646 1.6687008 0 P 0
L 3.1534646 1.3662992 3.1534646 1.4037008 0 P 0
L 3.1534646 1.4512992 3.1534646 1.4887008 0 P 0
L 3.1534646 1.5362992 3.1534646 1.5737008 0 P 0
L 3.1584646 0.5612992 3.1584646 0.5987008 0 P 0
L 3.1634646 0.4662992 3.1634646 0.5037008 0 P 0
L 3.2472835 1.3215354 3.2472835 1.3884646 0 P 0
L 3.2472835 1.3215354 3.2827165 1.3215354 0 P 0
L 3.2472835 1.3884646 3.2827165 1.3884646 0 P 0
L 3.272874 1.9815748 3.272874 2.076063 0 P 0
L 3.2827165 1.3215354 3.2827165 1.3884646 0 P 0
L 3.2912992 1.9765354 3.2912992 2.0434646 0 P 0
L 3.2912992 1.9765354 3.3287008 1.9765354 0 P 0
L 3.2912992 2.0434646 3.3287008 2.0434646 0 P 0
L 3.3122441 0.301063 3.3122441 0.4920079 0 P 0
L 3.3122441 0.301063 3.7177559 0.301063 0 P 0
L 3.3122441 0.3502756 3.7177559 0.3502756 0 P 0
L 3.3122441 0.4920079 3.7177559 0.4920079 0 P 0
L 3.3122441 1.071063 3.3122441 1.2620079 0 P 0
L 3.3122441 1.071063 3.7177559 1.071063 0 P 0
L 3.3122441 1.1202756 3.7177559 1.1202756 0 P 0
L 3.3122441 1.2620079 3.7177559 1.2620079 0 P 0
L 3.3122441 1.291063 3.3122441 1.4820079 0 P 0
L 3.3122441 1.291063 3.7177559 1.291063 0 P 0
L 3.3122441 1.3402756 3.7177559 1.3402756 0 P 0
L 3.3122441 1.4820079 3.7177559 1.4820079 0 P 0
L 3.3122441 1.526063 3.3122441 1.7170079 0 P 0
L 3.3122441 1.526063 3.7177559 1.526063 0 P 0
L 3.3122441 1.5752756 3.7177559 1.5752756 0 P 0
L 3.3122441 1.7170079 3.7177559 1.7170079 0 P 0
L 3.3122441 1.741063 3.3122441 1.9320079 0 P 0
L 3.3122441 1.741063 3.7177559 1.741063 0 P 0
L 3.3122441 1.7902756 3.7177559 1.7902756 0 P 0
L 3.3122441 1.9320079 3.7177559 1.9320079 0 P 0
L 3.3172441 0.031063 3.3172441 0.2220079 0 P 0
L 3.3172441 0.031063 3.7227559 0.031063 0 P 0
L 3.3172441 0.0802756 3.7227559 0.0802756 0 P 0
L 3.3172441 0.2220079 3.7227559 0.2220079 0 P 0
L 3.3287008 1.9765354 3.3287008 2.0434646 0 P 0
L 3.3662992 2.1865354 3.3662992 2.2534646 0 P 0
L 3.3662992 2.1865354 3.4037008 2.1865354 0 P 0
L 3.3662992 2.2534646 3.4037008 2.2534646 0 P 0
L 3.3762992 1.9765354 3.3762992 2.0434646 0 P 0
L 3.3762992 1.9765354 3.4137008 1.9765354 0 P 0
L 3.3762992 2.0434646 3.4137008 2.0434646 0 P 0
L 3.4037008 2.1865354 3.4037008 2.2534646 0 P 0
L 3.4137008 1.9765354 3.4137008 2.0434646 0 P 0
L 3.4315354 0.9072835 3.4315354 0.9427165 0 P 0
L 3.4315354 0.9072835 3.4984646 0.9072835 0 P 0
L 3.4315354 0.9427165 3.4984646 0.9427165 0 P 0
L 3.4612992 1.9765354 3.4612992 2.0434646 0 P 0
L 3.4612992 1.9765354 3.4987008 1.9765354 0 P 0
L 3.4612992 2.0434646 3.4987008 2.0434646 0 P 0
L 3.4665354 2.2662992 3.4665354 2.3037008 0 P 0
L 3.4665354 2.2662992 3.5334646 2.2662992 0 P 0
L 3.4665354 2.3037008 3.5334646 2.3037008 0 P 0
L 3.4812992 0.5465354 3.4812992 0.6134646 0 P 0
L 3.4812992 0.5465354 3.5187008 0.5465354 0 P 0
L 3.4812992 0.6134646 3.5187008 0.6134646 0 P 0
L 3.4984646 0.9072835 3.4984646 0.9427165 0 P 0
L 3.4987008 1.9765354 3.4987008 2.0434646 0 P 0
L 3.5187008 0.5465354 3.5187008 0.6134646 0 P 0
L 3.5334646 2.2662992 3.5334646 2.3037008 0 P 0
L 3.5644094 2.0229134 3.5644094 2.1370866 0 P 0
L 3.5644094 2.0229134 3.6155906 2.0229134 0 P 0
L 3.5644094 2.1370866 3.6155906 2.1370866 0 P 0
L 3.5662992 0.5465354 3.5662992 0.6134646 0 P 0
L 3.5662992 0.5465354 3.6037008 0.5465354 0 P 0
L 3.5662992 0.6134646 3.6037008 0.6134646 0 P 0
L 3.5765354 1.9562992 3.5765354 1.9937008 0 P 0
L 3.5765354 1.9562992 3.6434646 1.9562992 0 P 0
L 3.5765354 1.9937008 3.6434646 1.9937008 0 P 0
L 3.6037008 0.5465354 3.6037008 0.6134646 0 P 0
L 3.6155906 2.0229134 3.6155906 2.1370866 0 P 0
L 3.6415354 2.2662992 3.6415354 2.3037008 0 P 0
L 3.6415354 2.2662992 3.7084646 2.2662992 0 P 0
L 3.6415354 2.3037008 3.7084646 2.3037008 0 P 0
L 3.6434646 1.9562992 3.6434646 1.9937008 0 P 0
L 3.7084646 2.2662992 3.7084646 2.3037008 0 P 0
L 3.7177559 0.301063 3.7177559 0.4920079 0 P 0
L 3.7177559 1.071063 3.7177559 1.2620079 0 P 0
L 3.7177559 1.291063 3.7177559 1.4820079 0 P 0
L 3.7177559 1.526063 3.7177559 1.7170079 0 P 0
L 3.7177559 1.741063 3.7177559 1.9320079 0 P 0
L 3.7227559 0.031063 3.7227559 0.2220079 0 P 0
P 2.6489882 0.8370157 1 P 0 0
