#Layer_Color=15314666
#
#Feature symbol names
#
$0 r7.874
$1 r3.937
$2 r1.9685
$3 r5
$4 r10
$5 r5.9055

#
#Feature attribute names
#
@0 .nomenclature
@1 .string
@2 .string_angle

#
#Feature attribute text strings
#

#
#Layer features
#
A 1.5018504 1.2065748 1.5018504 1.2065748 1.305 1.2065748 0 P 0 N
L 0.0031903 0.0012194 0.0031903 0.2925602 3 P 0
L 0.0031903 0.0012194 0.2295679 0.0012194 3 P 0
L 0.0031903 0.0662599 0.0309449 0.0662599 1 P 0
L 0.0031903 0.2237402 0.0309449 0.2237402 1 P 0
L 0.0031903 0.2925602 0.2295679 0.2925602 3 P 0
L 0.0307493 0.0268898 0.0703149 0.0268898 1 P 0
L 0.0309448 0.0012194 0.0309448 0.0268898 1 P 0
L 0.0309448 0.2670472 0.0309448 0.2925602 1 P 0
L 0.0309448 0.2670472 0.0703149 0.2670472 1 P 0
L 0.0309449 0.0662598 0.0309449 0.2237402 1 P 0
L 0.0436614 1.7851969 0.0436614 1.9348032 2 P 0
L 0.0436614 1.7851969 0.1263386 1.7851969 2 P 0
L 0.0436614 1.9348032 0.1263386 1.9348032 2 P 0
L 0.0662992 1.86 0.1037008 1.86 1 P 0
L 0.0703149 0.0012194 0.0703149 0.0268898 1 P 0
L 0.0703149 0.2670472 0.0703149 0.2925602 1 P 0
L 0.085 1.8412992 0.085 1.8787008 1 P 0
L 0.0917322 1.9429134 0.0917322 2.0570866 2 P 0
L 0.0917322 1.9429134 0.3082677 1.9429134 2 P 0
L 0.0917322 2.0570866 0.3082677 2.0570866 2 P 0
L 0.1263386 1.7851969 0.1263386 1.9348032 2 P 0
L 0.1336614 1.7851968 0.1336614 1.9348031 2 P 0
L 0.1336614 1.7851968 0.2163386 1.7851968 2 P 0
L 0.1336614 1.9348031 0.2163386 1.9348031 2 P 0
L 0.1486614 0.8451968 0.1486614 0.9948031 2 P 0
L 0.1486614 0.8451968 0.2313386 0.8451968 2 P 0
L 0.1486614 0.9948031 0.2313386 0.9948031 2 P 0
L 0.1562992 1.86 0.1937008 1.86 1 P 0
L 0.1604724 0.3118504 0.1604724 0.4181496 2 P 0
L 0.1604724 0.3118504 0.2195275 0.3118504 2 P 0
L 0.1604724 0.4181496 0.2195275 0.4181496 2 P 0
L 0.1712992 0.92 0.2087008 0.92 1 P 0
L 0.1722835 0.365 0.2077165 0.365 1 P 0
L 0.175 1.8412992 0.175 1.8787008 1 P 0
L 0.1803149 2 0.219685 2 1 P 0
L 0.1851968 1.6136614 0.1851968 1.6963386 2 P 0
L 0.1851968 1.6136614 0.3348031 1.6136614 2 P 0
L 0.1851968 1.6963386 0.3348031 1.6963386 2 P 0
L 0.1851969 1.5286614 0.1851969 1.6113386 2 P 0
L 0.1851969 1.5286614 0.3348032 1.5286614 2 P 0
L 0.1851969 1.6113386 0.3348032 1.6113386 2 P 0
L 0.1851969 1.6936614 0.1851969 1.7763386 2 P 0
L 0.1851969 1.6936614 0.3348032 1.6936614 2 P 0
L 0.1851969 1.7763386 0.3348032 1.7763386 2 P 0
L 0.19 0.3472835 0.19 0.3827165 1 P 0
L 0.19 0.9012992 0.19 0.9387008 1 P 0
L 0.1901968 1.4436614 0.1901968 1.5263386 2 P 0
L 0.1901968 1.4436614 0.3398031 1.4436614 2 P 0
L 0.1901968 1.5263386 0.3398031 1.5263386 2 P 0
L 0.1901969 1.3586614 0.1901969 1.4413386 2 P 0
L 0.1901969 1.3586614 0.3398032 1.3586614 2 P 0
L 0.1901969 1.4413386 0.3398032 1.4413386 2 P 0
L 0.2 1.980315 0.2 2.0196851 1 P 0
L 0.2154724 1.7968504 0.2154724 1.9031496 2 P 0
L 0.2154724 1.7968504 0.2745275 1.7968504 2 P 0
L 0.2154724 1.9031496 0.2745275 1.9031496 2 P 0
L 0.2163386 1.7851968 0.2163386 1.9348031 2 P 0
L 0.2195275 0.3118504 0.2195275 0.4181496 2 P 0
L 0.2204724 0.3118504 0.2204724 0.4181496 2 P 0
L 0.2204724 0.3118504 0.2795275 0.3118504 2 P 0
L 0.2204724 0.4181496 0.2795275 0.4181496 2 P 0
L 0.2272835 1.85 0.2627165 1.85 1 P 0
L 0.2286614 0.8451969 0.2286614 0.9948032 2 P 0
L 0.2286614 0.8451969 0.3113386 0.8451969 2 P 0
L 0.2286614 0.9948032 0.3113386 0.9948032 2 P 0
L 0.2295679 0.0012194 0.2295679 0.2925602 3 P 0
L 0.2313386 0.8451968 0.2313386 0.9948031 2 P 0
L 0.2322835 0.365 0.2677165 0.365 1 P 0
L 0.2351969 0.2286614 0.2351969 0.3113386 2 P 0
L 0.2351969 0.2286614 0.3848032 0.2286614 2 P 0
L 0.2351969 0.3113386 0.3848032 0.3113386 2 P 0
L 0.2399606 0.7088189 0.2399606 0.8111811 2 P 0
L 0.2399606 0.7088189 0.3600394 0.7088189 2 P 0
L 0.2399606 0.8111811 0.3600394 0.8111811 2 P 0
L 0.2412992 1.57 0.2787008 1.57 1 P 0
L 0.2412992 1.655 0.2787008 1.655 1 P 0
L 0.2412992 1.735 0.2787008 1.735 1 P 0
L 0.245 1.8322835 0.245 1.8677165 1 P 0
L 0.2462992 1.4 0.2837008 1.4 1 P 0
L 0.2462992 1.485 0.2837008 1.485 1 P 0
L 0.2474398 0.0031903 0.2474398 0.2295679 3 P 0
L 0.2474398 0.0031903 0.5387806 0.0031903 3 P 0
L 0.2474398 0.0309448 0.2729528 0.0309448 1 P 0
L 0.2474398 0.0703149 0.2729528 0.0703149 1 P 0
L 0.2474398 0.2295679 0.5387806 0.2295679 3 P 0
L 0.25 0.3472835 0.25 0.3827165 1 P 0
L 0.2512992 0.92 0.2887008 0.92 1 P 0
L 0.2535827 1.0189764 0.2535827 1.1410236 2 P 0
L 0.2535827 1.0189764 0.3764173 1.0189764 2 P 0
L 0.2535827 1.1410236 0.3764173 1.1410236 2 P 0
L 0.26 1.5512992 0.26 1.5887008 1 P 0
L 0.26 1.6362992 0.26 1.6737008 1 P 0
L 0.26 1.7162992 0.26 1.7537008 1 P 0
L 0.265 1.3812992 0.265 1.4187008 1 P 0
L 0.265 1.4662992 0.265 1.5037008 1 P 0
L 0.27 0.9012992 0.27 0.9387008 1 P 0
L 0.2729528 0.0309448 0.2729528 0.0703149 1 P 0
L 0.2745275 1.7968504 0.2745275 1.9031496 2 P 0
L 0.2795275 0.3118504 0.2795275 0.4181496 2 P 0
L 0.280315 0.76 0.319685 0.76 1 P 0
L 0.2912992 0.27 0.3287008 0.27 1 P 0
L 0.295315 1.08 0.3346851 1.08 1 P 0
L 0.2970866 0.3527953 0.2970866 0.5772047 2 P 0
L 0.2970866 0.3527953 0.5829133 0.3527953 2 P 0
L 0.2970866 0.5772047 0.5829133 0.5772047 2 P 0
L 0.3 0.740315 0.3 0.779685 1 P 0
L 0.3082677 1.9429134 0.3082677 2.0570866 2 P 0
L 0.31 0.2512992 0.31 0.2887008 1 P 0
L 0.3113386 0.8451969 0.3113386 0.9948032 2 P 0
L 0.3136614 0.8476772 0.3136614 0.9972835 2 P 0
L 0.3136614 0.8476772 0.3963386 0.8476772 2 P 0
L 0.3136614 0.9972835 0.3963386 0.9972835 2 P 0
L 0.315 1.060315 0.315 1.0996851 1 P 0
L 0.3162598 0.0031903 0.3162598 0.0309449 1 P 0
L 0.3162598 0.0309449 0.4737402 0.0309449 1 P 0
L 0.3254724 0.5968504 0.3254724 0.7031496 2 P 0
L 0.3254724 0.5968504 0.3845275 0.5968504 2 P 0
L 0.3254724 0.7031496 0.3845275 0.7031496 2 P 0
L 0.3317323 1.9429134 0.3317323 2.0570866 2 P 0
L 0.3317323 1.9429134 0.5482678 1.9429134 2 P 0
L 0.3317323 2.0570866 0.5482678 2.0570866 2 P 0
L 0.3348031 1.6136614 0.3348031 1.6963386 2 P 0
L 0.3348032 1.5286614 0.3348032 1.6113386 2 P 0
L 0.3348032 1.6936614 0.3348032 1.7763386 2 P 0
L 0.3362992 0.9224803 0.3737008 0.9224803 1 P 0
L 0.3372835 0.65 0.3727165 0.65 1 P 0
L 0.3398031 1.4436614 0.3398031 1.5263386 2 P 0
L 0.3398032 1.3586614 0.3398032 1.4413386 2 P 0
L 0.3448819 2.1273622 0.3448819 2.4226378 2 P 0
L 0.3448819 2.1273622 0.4551181 2.1273622 2 P 0
L 0.3448819 2.4226378 0.4551181 2.4226378 2 P 0
L 0.355 0.6322835 0.355 0.6677165 1 P 0
L 0.355 0.9037795 0.355 0.9411811 1 P 0
L 0.3600394 0.7088189 0.3600394 0.8111811 2 P 0
L 0.3654724 0.7118504 0.3654724 0.8181496 2 P 0
L 0.3654724 0.7118504 0.4245275 0.7118504 2 P 0
L 0.3654724 0.8181496 0.4245275 0.8181496 2 P 0
L 0.3764173 1.0189764 0.3764173 1.1410236 2 P 0
L 0.3772835 0.765 0.4127165 0.765 1 P 0
L 0.380315 2.2730313 0.4196851 2.2730313 1 P 0
L 0.3845275 0.5968504 0.3845275 0.7031496 2 P 0
L 0.3848032 0.2286614 0.3848032 0.3113386 2 P 0
L 0.3851968 0.2286614 0.3851968 0.3113386 2 P 0
L 0.3851968 0.2286614 0.5348031 0.2286614 2 P 0
L 0.3851968 0.3113386 0.5348031 0.3113386 2 P 0
L 0.395 0.7472835 0.395 0.7827165 1 P 0
L 0.3963386 0.8476772 0.3963386 0.9972835 2 P 0
L 0.3986614 0.9151968 0.3986614 1.0648031 2 P 0
L 0.3986614 0.9151968 0.4813386 0.9151968 2 P 0
L 0.3986614 1.0648031 0.4813386 1.0648031 2 P 0
L 0.4 2.2533463 0.4 2.2927164 1 P 0
L 0.4068504 0.5904725 0.4068504 0.6495276 2 P 0
L 0.4068504 0.5904725 0.5131496 0.5904725 2 P 0
L 0.4068504 0.6495276 0.5131496 0.6495276 2 P 0
L 0.4186614 1.8001969 0.4186614 1.9498032 2 P 0
L 0.4186614 1.8001969 0.5013386 1.8001969 2 P 0
L 0.4186614 1.9498032 0.5013386 1.9498032 2 P 0
L 0.4203149 0.465 0.459685 0.465 1 P 0
L 0.420315 2 0.4596851 2 1 P 0
L 0.4212992 0.99 0.4587008 0.99 1 P 0
L 0.4245275 0.7118504 0.4245275 0.8181496 2 P 0
L 0.44 0.445315 0.44 0.484685 1 P 0
L 0.44 0.9712992 0.44 1.0087008 1 P 0
L 0.44 1.9803149 0.44 2.019685 1 P 0
L 0.4412992 0.27 0.4787008 0.27 1 P 0
L 0.4412992 1.875 0.4787008 1.875 1 P 0
L 0.4422835 0.62 0.4777165 0.62 1 P 0
L 0.4468504 0.8554725 0.4468504 0.9145276 2 P 0
L 0.4468504 0.8554725 0.5531496 0.8554725 2 P 0
L 0.4468504 0.9145276 0.5531496 0.9145276 2 P 0
L 0.4551181 2.1273622 0.4551181 2.4226378 2 P 0
L 0.46 0.2512992 0.46 0.2887008 1 P 0
L 0.46 0.6022835 0.46 0.6377165 1 P 0
L 0.46 1.8562992 0.46 1.8937008 1 P 0
L 0.4654724 2.1518504 0.4654724 2.2581496 2 P 0
L 0.4654724 2.1518504 0.5245275 2.1518504 2 P 0
L 0.4654724 2.2581496 0.5245275 2.2581496 2 P 0
L 0.4737401 0.0031903 0.4737401 0.0309449 1 P 0
L 0.4772835 2.205 0.5127165 2.205 1 P 0
L 0.4813386 0.9151968 0.4813386 1.0648031 2 P 0
L 0.4822835 0.885 0.5177165 0.885 1 P 0
L 0.495 2.1872835 0.495 2.2227165 1 P 0
L 0.5 0.8672835 0.5 0.9027165 1 P 0
L 0.5013386 1.8001969 0.5013386 1.9498032 2 P 0
L 0.5131102 0.0307493 0.5131102 0.0703149 1 P 0
L 0.5131102 0.0309448 0.5387806 0.0309448 1 P 0
L 0.5131102 0.0703149 0.5387806 0.0703149 1 P 0
L 0.5131496 0.5904725 0.5131496 0.6495276 2 P 0
L 0.5239764 1.8139764 0.5239764 1.9360236 2 P 0
L 0.5239764 1.8139764 0.6460236 1.8139764 2 P 0
L 0.5239764 1.9360236 0.6460236 1.9360236 2 P 0
L 0.5245275 2.1518504 0.5245275 2.2581496 2 P 0
L 0.5348031 0.2286614 0.5348031 0.3113386 2 P 0
L 0.5387806 0.0031903 0.5387806 0.2295679 3 P 0
L 0.5436614 0.1651969 0.5436614 0.3148032 2 P 0
L 0.5436614 0.1651969 0.6263386 0.1651969 2 P 0
L 0.5436614 0.3148032 0.6263386 0.3148032 2 P 0
L 0.5482678 1.9429134 0.5482678 2.0570866 2 P 0
L 0.5531496 0.8554725 0.5531496 0.9145276 2 P 0
L 0.5554724 0.0618504 0.5554724 0.1681496 2 P 0
L 0.5554724 0.0618504 0.6145275 0.0618504 2 P 0
L 0.5554724 0.1681496 0.6145275 0.1681496 2 P 0
L 0.5586614 0.8451968 0.5586614 0.9948031 2 P 0
L 0.5586614 0.8451968 0.6413386 0.8451968 2 P 0
L 0.5586614 0.9948031 0.6413386 0.9948031 2 P 0
L 0.565315 1.875 0.604685 1.875 1 P 0
L 0.5662598 0.7111024 0.5662598 0.8488977 2 P 0
L 0.5662598 0.7111024 0.7237402 0.7111024 2 P 0
L 0.5662598 0.8488977 0.7237402 0.8488977 2 P 0
L 0.5662992 0.24 0.6037008 0.24 1 P 0
L 0.5672835 0.115 0.6027165 0.115 1 P 0
L 0.5812992 0.92 0.6187008 0.92 1 P 0
L 0.5829133 0.3527953 0.5829133 0.5772047 2 P 0
L 0.585 0.0972835 0.585 0.1327165 1 P 0
L 0.585 0.2212992 0.585 0.2587008 1 P 0
L 0.585 1.855315 0.585 1.894685 1 P 0
L 0.6 0.9012992 0.6 0.9387008 1 P 0
L 0.6145275 0.0618504 0.6145275 0.1681496 2 P 0
L 0.625315 0.78 0.664685 0.78 1 P 0
L 0.6263386 0.1651969 0.6263386 0.3148032 2 P 0
L 0.6413386 0.8451968 0.6413386 0.9948031 2 P 0
L 0.645 0.760315 0.645 0.7996851 1 P 0
L 0.6460236 1.8139764 0.6460236 1.9360236 2 P 0
L 0.6501968 1.8736614 0.6501968 1.9563386 2 P 0
L 0.6501968 1.8736614 0.7998031 1.8736614 2 P 0
L 0.6501968 1.9563386 0.7998031 1.9563386 2 P 0
L 0.6736614 0.8451968 0.6736614 0.9948031 2 P 0
L 0.6736614 0.8451968 0.7563386 0.8451968 2 P 0
L 0.6736614 0.9948031 0.7563386 0.9948031 2 P 0
L 0.6962992 0.92 0.7337008 0.92 1 P 0
L 0.7062992 1.915 0.7437008 1.915 1 P 0
L 0.715 0.9012992 0.715 0.9387008 1 P 0
L 0.7237402 0.7111024 0.7237402 0.8488977 2 P 0
L 0.725 1.8962992 0.725 1.9337008 1 P 0
L 0.7563386 0.8451968 0.7563386 0.9948031 2 P 0
L 0.7736614 0.7851968 0.7736614 0.9348031 2 P 0
L 0.7736614 0.7851968 0.8563386 0.7851968 2 P 0
L 0.7736614 0.9348031 0.8563386 0.9348031 2 P 0
L 0.7868504 1.7954725 0.7868504 1.8545276 2 P 0
L 0.7868504 1.7954725 0.8931496 1.7954725 2 P 0
L 0.7868504 1.8545276 0.8931496 1.8545276 2 P 0
L 0.7962992 0.86 0.8337008 0.86 1 P 0
L 0.7998031 1.8736614 0.7998031 1.9563386 2 P 0
L 0.815 0.8412992 0.815 0.8787008 1 P 0
L 0.8222835 1.825 0.8577165 1.825 1 P 0
L 0.84 1.8072835 0.84 1.8427165 1 P 0
L 0.8563386 0.7851968 0.8563386 0.9348031 2 P 0
L 0.8931496 1.7954725 0.8931496 1.8545276 2 P 0
L 0.8968504 1.7954724 0.8968504 1.8545275 2 P 0
L 0.8968504 1.7954724 1.0031496 1.7954724 2 P 0
L 0.8968504 1.8545275 1.0031496 1.8545275 2 P 0
L 0.9322835 1.825 0.9677165 1.825 1 P 0
L 0.95 1.8072835 0.95 1.8427165 1 P 0
L 1.0031496 1.7954724 1.0031496 1.8545275 2 P 0
L 1.0068504 1.7954725 1.0068504 1.8545276 2 P 0
L 1.0068504 1.7954725 1.1131496 1.7954725 2 P 0
L 1.0068504 1.8545276 1.1131496 1.8545276 2 P 0
L 1.0367717 1.8511907 1.0367717 1.977175 5 P 0
L 1.0367717 1.8511907 1.154882 1.8511907 5 P 0
L 1.0367717 1.977175 1.154882 1.977175 5 P 0
L 1.0422835 1.825 1.0777165 1.825 1 P 0
L 1.06 1.8072835 1.06 1.8427165 1 P 0
L 1.0986614 1.6501969 1.0986614 1.7998032 2 P 0
L 1.0986614 1.6501969 1.1813386 1.6501969 2 P 0
L 1.0986614 1.7998032 1.1813386 1.7998032 2 P 0
L 1.1131496 1.7954725 1.1131496 1.8545276 2 P 0
L 1.1168504 1.5904724 1.1168504 1.6495275 2 P 0
L 1.1168504 1.5904724 1.2231496 1.5904724 2 P 0
L 1.1168504 1.6495275 1.2231496 1.6495275 2 P 0
L 1.1212992 1.725 1.1587008 1.725 1 P 0
L 1.14 1.7062992 1.14 1.7437008 1 P 0
L 1.1522835 1.62 1.1877165 1.62 1 P 0
L 1.1548819 1.8511907 1.1548819 1.977175 5 P 0
L 1.17 1.6022835 1.17 1.6377165 1 P 0
L 1.1813386 1.6501969 1.1813386 1.7998032 2 P 0
L 1.1901969 1.7986614 1.1901969 1.8813386 2 P 0
L 1.1901969 1.7986614 1.3398032 1.7986614 2 P 0
L 1.1901969 1.8786614 1.1901969 1.9613386 2 P 0
L 1.1901969 1.8786614 1.3398032 1.8786614 2 P 0
L 1.1901969 1.8813386 1.3398032 1.8813386 2 P 0
L 1.1901969 1.9613386 1.3398032 1.9613386 2 P 0
L 1.2231496 1.5904724 1.2231496 1.6495275 2 P 0
L 1.2462992 1.84 1.2837008 1.84 1 P 0
L 1.2462992 1.92 1.2837008 1.92 1 P 0
L 1.2551968 0.1136614 1.2551968 0.1963386 2 P 0
L 1.2551968 0.1136614 1.4048031 0.1136614 2 P 0
L 1.2551968 0.1963386 1.4048031 0.1963386 2 P 0
L 1.265 1.8212992 1.265 1.8587008 1 P 0
L 1.265 1.9012992 1.265 1.9387008 1 P 0
L 1.28 1.205 1.33 1.205 4 P 0
L 1.28 1.205 1.33 1.205 4 P 0
L 1.305 1.18 1.305 1.23 4 P 0
L 1.3112992 0.155 1.3487008 0.155 1 P 0
L 1.33 0.1362992 1.33 0.1737008 1 P 0
L 1.3398032 1.7986614 1.3398032 1.8813386 2 P 0
L 1.3398032 1.8786614 1.3398032 1.9613386 2 P 0
L 1.3401968 1.7986614 1.3401968 1.8813386 2 P 0
L 1.3401968 1.7986614 1.4898031 1.7986614 2 P 0
L 1.3401968 1.8786614 1.3401968 1.9613386 2 P 0
L 1.3401968 1.8786614 1.4898031 1.8786614 2 P 0
L 1.3401968 1.8813386 1.4898031 1.8813386 2 P 0
L 1.3401968 1.9613386 1.4898031 1.9613386 2 P 0
L 1.3962992 1.84 1.4337008 1.84 1 P 0
L 1.3962992 1.92 1.4337008 1.92 1 P 0
L 1.4048031 0.1136614 1.4048031 0.1963386 2 P 0
L 1.415 1.8212992 1.415 1.8587008 1 P 0
L 1.415 1.9012992 1.415 1.9387008 1 P 0
L 1.4154724 0.5018504 1.4154724 0.6081496 2 P 0
L 1.4154724 0.5018504 1.4745275 0.5018504 2 P 0
L 1.4154724 0.6081496 1.4745275 0.6081496 2 P 0
L 1.4154725 0.3868504 1.4154725 0.4931496 2 P 0
L 1.4154725 0.3868504 1.4745276 0.3868504 2 P 0
L 1.4154725 0.4931496 1.4745276 0.4931496 2 P 0
L 1.4272835 0.44 1.4627165 0.44 1 P 0
L 1.4272835 0.555 1.4627165 0.555 1 P 0
L 1.445 0.4222835 1.445 0.4577165 1 P 0
L 1.445 0.5372835 1.445 0.5727165 1 P 0
L 1.4651969 0.4386614 1.4651969 0.5213386 2 P 0
L 1.4651969 0.4386614 1.6148032 0.4386614 2 P 0
L 1.4651969 0.5213386 1.6148032 0.5213386 2 P 0
L 1.4745275 0.5018504 1.4745275 0.6081496 2 P 0
L 1.4745276 0.3868504 1.4745276 0.4931496 2 P 0
L 1.4851969 1.9086614 1.4851969 1.9913386 2 P 0
L 1.4851969 1.9086614 1.6348032 1.9086614 2 P 0
L 1.4851969 1.9913386 1.6348032 1.9913386 2 P 0
L 1.4898031 1.7986614 1.4898031 1.8813386 2 P 0
L 1.4898031 1.8786614 1.4898031 1.9613386 2 P 0
L 1.5105118 1.1904331 1.5105118 1.8695669 2 P 0
L 1.5105118 1.1904331 1.9494882 1.1904331 2 P 0
L 1.5105118 1.8695669 1.9494882 1.8695669 2 P 0
L 1.5212991 1.005874 1.5212991 1.1476063 2 P 0
L 1.5212991 1.005874 1.6512204 1.005874 2 P 0
L 1.5212991 1.1476063 1.6512204 1.1476063 2 P 0
L 1.5212992 0.48 1.5587008 0.48 1 P 0
L 1.5281102 0.9372127 1.5281102 0.9962678 2 P 0
L 1.5281102 0.9372127 1.6344094 0.9372127 2 P 0
L 1.5281102 0.9962678 1.6344094 0.9962678 2 P 0
L 1.5386614 0.2580709 1.5386614 0.3919291 2 P 0
L 1.5386614 0.2580709 1.6213386 0.2580709 2 P 0
L 1.5386614 0.3919291 1.6213386 0.3919291 2 P 0
L 1.54 0.4612992 1.54 0.4987008 1 P 0
L 1.5412992 1.95 1.5787008 1.95 1 P 0
L 1.56 1.9312992 1.56 1.9687008 1 P 0
L 1.5622835 0.325 1.5977165 0.325 1 P 0
L 1.5635433 0.9667402 1.5989763 0.9667402 1 P 0
L 1.5665747 1.0767402 1.6059448 1.0767402 1 P 0
L 1.58 0.3072835 1.58 0.3427165 1 P 0
L 1.5812598 0.9490237 1.5812598 0.9844567 1 P 0
L 1.5862598 1.0570551 1.5862598 1.0964252 1 P 0
L 1.6148032 0.4386614 1.6148032 0.5213386 2 P 0
L 1.6213386 0.2580709 1.6213386 0.3919291 2 P 0
L 1.6344094 0.9372127 1.6344094 0.9962678 2 P 0
L 1.6348032 1.9086614 1.6348032 1.9913386 2 P 0
L 1.6351969 1.9086614 1.6351969 1.9913386 2 P 0
L 1.6351969 1.9086614 1.7848032 1.9086614 2 P 0
L 1.6351969 1.9913386 1.7848032 1.9913386 2 P 0
L 1.6512204 1.005874 1.6512204 1.1476063 2 P 0
L 1.6530315 0.1630315 1.6530315 0.6669685 2 P 0
L 1.6530315 0.1630315 2.1569685 0.1630315 2 P 0
L 1.6530315 0.6669685 2.1569685 0.6669685 2 P 0
L 1.6712991 1.005874 1.6712991 1.1476063 2 P 0
L 1.6712991 1.005874 1.8012204 1.005874 2 P 0
L 1.6712991 1.1476063 1.8012204 1.1476063 2 P 0
L 1.6718504 0.6704725 1.6718504 0.7295276 2 P 0
L 1.6718504 0.6704725 1.7781496 0.6704725 2 P 0
L 1.6718504 0.7295276 1.7781496 0.7295276 2 P 0
L 1.6798819 0.885315 1.6798819 0.924685 2 P 0
L 1.6798819 0.885315 1.7901181 0.885315 2 P 0
L 1.6798819 0.924685 1.7901181 0.924685 2 P 0
L 1.6804724 0.1068504 1.6804724 0.2131496 2 P 0
L 1.6804724 0.1068504 1.7395275 0.1068504 2 P 0
L 1.6804724 0.2131496 1.7395275 0.2131496 2 P 0
L 1.6831102 0.9422127 1.6831102 1.0012678 2 P 0
L 1.6831102 0.9422127 1.7894094 0.9422127 2 P 0
L 1.6831102 1.0012678 1.7894094 1.0012678 2 P 0
L 1.6912992 1.95 1.7287008 1.95 1 P 0
L 1.6922835 0.16 1.7277165 0.16 1 P 0
L 1.7072835 0.7 1.7427165 0.7 1 P 0
L 1.71 0.1422835 1.71 0.1777165 1 P 0
L 1.71 1.9312992 1.71 1.9687008 1 P 0
L 1.710315 1.53 1.7496851 1.53 1 P 0
L 1.7165747 1.0767402 1.7559448 1.0767402 1 P 0
L 1.7185433 0.9717402 1.7539763 0.9717402 1 P 0
L 1.725 0.6822835 1.725 0.7177165 1 P 0
L 1.7251575 0.905 1.7448425 0.905 1 P 0
L 1.73 1.510315 1.73 1.549685 1 P 0
L 1.735 0.8951575 1.735 0.9148425 1 P 0
L 1.7362598 0.9540237 1.7362598 0.9894567 1 P 0
L 1.7362598 1.0570551 1.7362598 1.0964252 1 P 0
L 1.7395275 0.1068504 1.7395275 0.2131496 2 P 0
L 1.7781496 0.6704725 1.7781496 0.7295276 2 P 0
L 1.7848032 1.9086614 1.7848032 1.9913386 2 P 0
L 1.7894094 0.9422127 1.7894094 1.0012678 2 P 0
L 1.7901181 0.885315 1.7901181 0.924685 2 P 0
L 1.7902756 1.9204725 1.7902756 1.9795276 2 P 0
L 1.7902756 1.9204725 1.8965748 1.9204725 2 P 0
L 1.7902756 1.9795276 1.8965748 1.9795276 2 P 0
L 1.8012204 1.005874 1.8012204 1.1476063 2 P 0
L 1.8257087 1.95 1.8611417 1.95 1 P 0
L 1.8262991 1.005874 1.8262991 1.1476063 2 P 0
L 1.8262991 1.005874 1.9562204 1.005874 2 P 0
L 1.8262991 1.1476063 1.9562204 1.1476063 2 P 0
L 1.8318504 0.9384724 1.8318504 0.9975275 2 P 0
L 1.8318504 0.9384724 1.9381496 0.9384724 2 P 0
L 1.8318504 0.9975275 1.9381496 0.9975275 2 P 0
L 1.8434252 1.9322835 1.8434252 1.9677165 1 P 0
L 1.8672835 0.968 1.9027165 0.968 1 P 0
L 1.8715747 1.0767402 1.9109448 1.0767402 1 P 0
L 1.885 0.9502835 1.885 0.9857165 1 P 0
L 1.8853149 0.415 1.924685 0.415 1 P 0
L 1.8912598 1.0570551 1.8912598 1.0964252 1 P 0
L 1.8965748 1.9204725 1.8965748 1.9795276 2 P 0
L 1.905 0.395315 1.905 0.4346851 1 P 0
L 1.9381496 0.9384724 1.9381496 0.9975275 2 P 0
L 1.9386614 1.3601969 1.9386614 1.5098032 2 P 0
L 1.9386614 1.3601969 2.0213386 1.3601969 2 P 0
L 1.9386614 1.4951969 1.9386614 1.6448032 2 P 0
L 1.9386614 1.4951969 2.0213386 1.4951969 2 P 0
L 1.9386614 1.5098032 2.0213386 1.5098032 2 P 0
L 1.9386614 1.6448032 2.0213386 1.6448032 2 P 0
L 1.9401968 1.2736614 1.9401968 1.3563386 2 P 0
L 1.9401968 1.2736614 2.0898031 1.2736614 2 P 0
L 1.9401968 1.3563386 2.0898031 1.3563386 2 P 0
L 1.9494882 1.1904331 1.9494882 1.8695669 2 P 0
L 1.9518504 1.9004725 1.9518504 1.9595276 2 P 0
L 1.9518504 1.9004725 2.0581496 1.9004725 2 P 0
L 1.9518504 1.9595276 2.0581496 1.9595276 2 P 0
L 1.9562204 1.005874 1.9562204 1.1476063 2 P 0
L 1.9612992 1.435 1.9987008 1.435 1 P 0
L 1.9612992 1.57 1.9987008 1.57 1 P 0
L 1.98 1.4162992 1.98 1.4537008 1 P 0
L 1.98 1.5512992 1.98 1.5887008 1 P 0
L 1.9872835 1.93 2.0227165 1.93 1 P 0
L 1.9886614 1.7351969 1.9886614 1.8848032 2 P 0
L 1.9886614 1.7351969 2.0713386 1.7351969 2 P 0
L 1.9886614 1.8848032 2.0713386 1.8848032 2 P 0
L 1.9962992 1.315 2.0337008 1.315 1 P 0
L 2.005 1.9122835 2.005 1.9477165 1 P 0
L 2.0112992 1.81 2.0487008 1.81 1 P 0
L 2.015 1.2962992 2.015 1.3337008 1 P 0
L 2.0151968 1.3486614 2.0151968 1.4313386 2 P 0
L 2.0151968 1.3486614 2.1648031 1.3486614 2 P 0
L 2.0151968 1.4313386 2.1648031 1.4313386 2 P 0
L 2.0190157 1.5141338 2.0190157 1.6558661 2 P 0
L 2.0190157 1.5141338 2.2709842 1.5141338 2 P 0
L 2.0190157 1.6558661 2.2709842 1.6558661 2 P 0
L 2.0213386 1.3601969 2.0213386 1.5098032 2 P 0
L 2.0213386 1.4951969 2.0213386 1.6448032 2 P 0
L 2.03 1.7912992 2.03 1.8287008 1 P 0
L 2.0318504 0.1054724 2.0318504 0.1645275 2 P 0
L 2.0318504 0.1054724 2.1381496 0.1054724 2 P 0
L 2.0318504 0.1645275 2.1381496 0.1645275 2 P 0
L 2.0581496 1.9004725 2.0581496 1.9595276 2 P 0
L 2.0672835 0.135 2.1027165 0.135 1 P 0
L 2.0712992 1.39 2.1087008 1.39 1 P 0
L 2.0713386 1.7351969 2.0713386 1.8848032 2 P 0
L 2.0736614 1.7351969 2.0736614 1.8848032 2 P 0
L 2.0736614 1.7351969 2.1563386 1.7351969 2 P 0
L 2.0736614 1.8848032 2.1563386 1.8848032 2 P 0
L 2.085 0.1172835 2.085 0.1527165 1 P 0
L 2.0898031 1.2736614 2.0898031 1.3563386 2 P 0
L 2.09 1.3712992 2.09 1.4087008 1 P 0
L 2.0962992 1.81 2.1337008 1.81 1 P 0
L 2.115 1.7912992 2.115 1.8287008 1 P 0
L 2.1168504 1.4454724 2.1168504 1.5045275 2 P 0
L 2.1168504 1.4454724 2.2231496 1.4454724 2 P 0
L 2.1168504 1.5045275 2.2231496 1.5045275 2 P 0
L 2.1253149 1.5849999 2.164685 1.5849999 1 P 0
L 2.1381496 0.1054724 2.1381496 0.1645275 2 P 0
L 2.1449999 1.5653149 2.1449999 1.604685 1 P 0
L 2.1522835 1.475 2.1877165 1.475 1 P 0
L 2.1563386 1.7351969 2.1563386 1.8848032 2 P 0
L 2.1569685 0.1630315 2.1569685 0.6669685 2 P 0
L 2.1586614 1.7351968 2.1586614 1.8848031 2 P 0
L 2.1586614 1.7351968 2.2413386 1.7351968 2 P 0
L 2.1586614 1.8848031 2.2413386 1.8848031 2 P 0
L 2.1648031 1.3486614 2.1648031 1.4313386 2 P 0
L 2.1654725 0.5418504 2.1654725 0.6481496 2 P 0
L 2.1654725 0.5418504 2.2245276 0.5418504 2 P 0
L 2.1654725 0.6481496 2.2245276 0.6481496 2 P 0
L 2.17 1.4572835 2.17 1.4927165 1 P 0
L 2.1772835 0.595 2.2127165 0.595 1 P 0
L 2.1812992 1.81 2.2187008 1.81 1 P 0
L 2.195 0.5772835 2.195 0.6127165 1 P 0
L 2.2 1.7912992 2.2 1.8287008 1 P 0
L 2.2001968 1.6486614 2.2001968 1.7313386 2 P 0
L 2.2001968 1.6486614 2.3498031 1.6486614 2 P 0
L 2.2001968 1.7313386 2.3498031 1.7313386 2 P 0
L 2.2101969 0.1136614 2.2101969 0.1963386 2 P 0
L 2.2101969 0.1136614 2.3598032 0.1136614 2 P 0
L 2.2101969 0.1963386 2.3598032 0.1963386 2 P 0
L 2.2139764 1.2839764 2.2139764 1.4060236 2 P 0
L 2.2139764 1.2839764 2.3360236 1.2839764 2 P 0
L 2.2139764 1.4060236 2.3360236 1.4060236 2 P 0
L 2.2201969 0.1836614 2.2201969 0.2663386 2 P 0
L 2.2201969 0.1836614 2.3698032 0.1836614 2 P 0
L 2.2201969 0.2663386 2.3698032 0.2663386 2 P 0
L 2.2231496 1.4454724 2.2231496 1.5045275 2 P 0
L 2.2245276 0.5418504 2.2245276 0.6481496 2 P 0
L 2.2318504 0.0504724 2.2318504 0.1095275 2 P 0
L 2.2318504 0.0504724 2.3381496 0.0504724 2 P 0
L 2.2318504 0.1095275 2.3381496 0.1095275 2 P 0
L 2.2413386 1.7351968 2.2413386 1.8848031 2 P 0
L 2.2436614 0.4851969 2.2436614 0.6348032 2 P 0
L 2.2436614 0.4851969 2.3263386 0.4851969 2 P 0
L 2.2436614 0.6348032 2.3263386 0.6348032 2 P 0
L 2.2436614 1.7351969 2.2436614 1.8848032 2 P 0
L 2.2436614 1.7351969 2.3263386 1.7351969 2 P 0
L 2.2436614 1.8848032 2.3263386 1.8848032 2 P 0
L 2.255315 1.345 2.294685 1.345 1 P 0
L 2.2562992 1.69 2.2937008 1.69 1 P 0
L 2.2586614 1.0551969 2.2586614 1.2048032 2 P 0
L 2.2586614 1.0551969 2.3413386 1.0551969 2 P 0
L 2.2586614 1.2048032 2.3413386 1.2048032 2 P 0
L 2.2662992 0.155 2.3037008 0.155 1 P 0
L 2.2662992 0.56 2.3037008 0.56 1 P 0
L 2.2662992 1.81 2.3037008 1.81 1 P 0
L 2.2672835 0.08 2.3027165 0.08 1 P 0
L 2.2709842 1.5141338 2.2709842 1.6558661 2 P 0
L 2.2736614 1.5051968 2.2736614 1.6548031 2 P 0
L 2.2736614 1.5051968 2.3563386 1.5051968 2 P 0
L 2.2736614 1.6548031 2.3563386 1.6548031 2 P 0
L 2.275 1.325315 2.275 1.364685 1 P 0
L 2.275 1.6712992 2.275 1.7087008 1 P 0
L 2.2762992 0.225 2.3137008 0.225 1 P 0
L 2.2812992 1.13 2.3187008 1.13 1 P 0
L 2.285 0.0622835 2.285 0.0977165 1 P 0
L 2.285 0.1362992 2.285 0.1737008 1 P 0
L 2.285 0.5412992 2.285 0.5787008 1 P 0
L 2.285 1.7912992 2.285 1.8287008 1 P 0
L 2.295 0.2062992 2.295 0.2437008 1 P 0
L 2.2962992 1.58 2.3337008 1.58 1 P 0
L 2.3 1.1112992 2.3 1.1487008 1 P 0
L 2.315 1.5612992 2.315 1.5987008 1 P 0
L 2.3251969 0.4836614 2.3251969 0.5663386 2 P 0
L 2.3251969 0.4836614 2.4748032 0.4836614 2 P 0
L 2.3251969 0.5663386 2.4748032 0.5663386 2 P 0
L 2.3263386 0.4851969 2.3263386 0.6348032 2 P 0
L 2.3263386 1.7351969 2.3263386 1.8848032 2 P 0
L 2.3360236 1.2839764 2.3360236 1.4060236 2 P 0
L 2.3381496 0.0504724 2.3381496 0.1095275 2 P 0
L 2.3413386 1.0551969 2.3413386 1.2048032 2 P 0
L 2.3498031 1.6486614 2.3498031 1.7313386 2 P 0
L 2.3563386 1.5051968 2.3563386 1.6548031 2 P 0
L 2.3598032 0.1136614 2.3598032 0.1963386 2 P 0
L 2.3649999 1.0035433 2.3649999 2.1462599 4 P 0
L 2.3649999 1.0035433 2.865 1.0035433 4 P 0
L 2.3649999 2.1462599 2.865 2.1462599 4 P 0
L 2.3698032 0.1836614 2.3698032 0.2663386 2 P 0
L 2.3812992 0.525 2.4187008 0.525 1 P 0
L 2.4 0.5062992 2.4 0.5437008 1 P 0
L 2.4667323 1.9429134 2.4667323 2.0570866 2 P 0
L 2.4667323 1.9429134 2.6832677 1.9429134 2 P 0
L 2.4667323 2.0570866 2.6832677 2.0570866 2 P 0
L 2.4748032 0.4836614 2.4748032 0.5663386 2 P 0
L 2.4935827 1.15 2.4935827 1.63 2 P 0
L 2.4935827 1.15 2.7664173 1.15 2 P 0
L 2.4935827 1.63 2.7664173 1.63 2 P 0
L 2.4994488 2.2520079 2.4994488 2.3779921 2 P 0
L 2.4994488 2.2520079 2.6805511 2.2520079 2 P 0
L 2.4994488 2.3779921 2.6805511 2.3779921 2 P 0
L 2.5362598 1.6 2.6937402 1.6 4 P 0
L 2.5553149 2 2.594685 2 1 P 0
L 2.5703149 2.315 2.609685 2.315 1 P 0
L 2.575 1.9803149 2.575 2.019685 1 P 0
L 2.59 2.295315 2.59 2.334685 1 P 0
L 2.610315 1.39 2.6496851 1.39 1 P 0
L 2.615 1.5212598 2.615 1.6787402 4 P 0
L 2.63 1.370315 2.63 1.4096851 1 P 0
L 2.6451968 0.5386614 2.6451968 0.6213386 2 P 0
L 2.6451968 0.5386614 2.7948031 0.5386614 2 P 0
L 2.6451968 0.6213386 2.7948031 0.6213386 2 P 0
L 2.6501969 0.9036614 2.6501969 0.9863386 2 P 0
L 2.6501969 0.9036614 2.7998032 0.9036614 2 P 0
L 2.6501969 0.9863386 2.7998032 0.9863386 2 P 0
L 2.6805511 2.2520079 2.6805511 2.3779921 2 P 0
L 2.6832677 1.9429134 2.6832677 2.0570866 2 P 0
L 2.7012992 0.58 2.7387008 0.58 1 P 0
L 2.7062992 0.945 2.7437008 0.945 1 P 0
L 2.72 0.5612992 2.72 0.5987008 1 P 0
L 2.725 0.9262992 2.725 0.9637008 1 P 0
L 2.7501969 0.3536614 2.7501969 0.4363386 2 P 0
L 2.7501969 0.3536614 2.8998032 0.3536614 2 P 0
L 2.7501969 0.4363386 2.8998032 0.4363386 2 P 0
L 2.7618504 0.6604725 2.7618504 0.7195276 2 P 0
L 2.7618504 0.6604725 2.8681496 0.6604725 2 P 0
L 2.7618504 0.7195276 2.8681496 0.7195276 2 P 0
L 2.7618504 0.7204725 2.7618504 0.7795276 2 P 0
L 2.7618504 0.7204725 2.8681496 0.7204725 2 P 0
L 2.7618504 0.7795276 2.8681496 0.7795276 2 P 0
L 2.7664173 1.15 2.7664173 1.63 2 P 0
L 2.7936614 0.4751969 2.7936614 0.6248032 2 P 0
L 2.7936614 0.4751969 2.8763386 0.4751969 2 P 0
L 2.7936614 0.6248032 2.8763386 0.6248032 2 P 0
L 2.7948031 0.5386614 2.7948031 0.6213386 2 P 0
L 2.7972835 0.69 2.8327165 0.69 1 P 0
L 2.7972835 0.75 2.8327165 0.75 1 P 0
L 2.7998032 0.9036614 2.7998032 0.9863386 2 P 0
L 2.8062992 0.395 2.8437008 0.395 1 P 0
L 2.815 0.6722835 2.815 0.7077165 1 P 0
L 2.815 0.7322835 2.815 0.7677165 1 P 0
L 2.8162992 0.55 2.8537008 0.55 1 P 0
L 2.825 0.3762992 2.825 0.4137008 1 P 0
L 2.835 0.5312992 2.835 0.5687008 1 P 0
L 2.865 1.0035433 2.865 2.1462599 4 P 0
L 2.8681496 0.6604725 2.8681496 0.7195276 2 P 0
L 2.8681496 0.7204725 2.8681496 0.7795276 2 P 0
L 2.8763386 0.4751969 2.8763386 0.6248032 2 P 0
L 2.8851968 0.1236614 2.8851968 0.2063386 2 P 0
L 2.8851968 0.1236614 3.0348031 0.1236614 2 P 0
L 2.8851968 0.2063386 3.0348031 0.2063386 2 P 0
L 2.8851968 0.4436614 2.8851968 0.5263386 2 P 0
L 2.8851968 0.4436614 3.0348031 0.4436614 2 P 0
L 2.8851968 0.5263386 3.0348031 0.5263386 2 P 0
L 2.8851969 0.2086614 2.8851969 0.2913386 2 P 0
L 2.8851969 0.2086614 3.0348032 0.2086614 2 P 0
L 2.8851969 0.2913386 3.0348032 0.2913386 2 P 0
L 2.8851969 0.5386614 2.8851969 0.6213386 2 P 0
L 2.8851969 0.5386614 3.0348032 0.5386614 2 P 0
L 2.8851969 0.6213386 3.0348032 0.6213386 2 P 0
L 2.8998032 0.3536614 2.8998032 0.4363386 2 P 0
L 2.9051969 0.3536614 2.9051969 0.4363386 2 P 0
L 2.9051969 0.3536614 3.0548032 0.3536614 2 P 0
L 2.9051969 0.4363386 3.0548032 0.4363386 2 P 0
L 2.9412992 0.165 2.9787008 0.165 1 P 0
L 2.9412992 0.25 2.9787008 0.25 1 P 0
L 2.9412992 0.485 2.9787008 0.485 1 P 0
L 2.9412992 0.58 2.9787008 0.58 1 P 0
L 2.96 0.1462992 2.96 0.1837008 1 P 0
L 2.96 0.2312992 2.96 0.2687008 1 P 0
L 2.96 0.4662992 2.96 0.5037008 1 P 0
L 2.96 0.5612992 2.96 0.5987008 1 P 0
L 2.9612992 0.395 2.9987008 0.395 1 P 0
L 2.98 0.3762992 2.98 0.4137008 1 P 0
L 2.9972834 1.9717323 2.9972834 2.0859055 2 P 0
L 2.9972834 1.9717323 3.2827165 1.9717323 2 P 0
L 2.9972834 2.0859055 3.2827165 2.0859055 2 P 0
L 3.0348031 0.1236614 3.0348031 0.2063386 2 P 0
L 3.0348031 0.4436614 3.0348031 0.5263386 2 P 0
L 3.0348032 0.2086614 3.0348032 0.2913386 2 P 0
L 3.0348032 0.5386614 3.0348032 0.6213386 2 P 0
L 3.0401968 1.6086614 3.0401968 1.6913386 2 P 0
L 3.0401968 1.6086614 3.1898031 1.6086614 2 P 0
L 3.0401968 1.6913386 3.1898031 1.6913386 2 P 0
L 3.0451968 1.3436614 3.0451968 1.4263386 2 P 0
L 3.0451968 1.3436614 3.1948031 1.3436614 2 P 0
L 3.0451968 1.4263386 3.1948031 1.4263386 2 P 0
L 3.0451968 1.5136614 3.0451968 1.5963386 2 P 0
L 3.0451968 1.5136614 3.1948031 1.5136614 2 P 0
L 3.0451968 1.5963386 3.1948031 1.5963386 2 P 0
L 3.0451969 1.4286614 3.0451969 1.5113386 2 P 0
L 3.0451969 1.4286614 3.1948032 1.4286614 2 P 0
L 3.0451969 1.5113386 3.1948032 1.5113386 2 P 0
L 3.0501968 0.5386614 3.0501968 0.6213386 2 P 0
L 3.0501968 0.5386614 3.1998031 0.5386614 2 P 0
L 3.0501968 0.6213386 3.1998031 0.6213386 2 P 0
L 3.0548032 0.3536614 3.0548032 0.4363386 2 P 0
L 3.0551968 0.4436614 3.0551968 0.5263386 2 P 0
L 3.0551968 0.4436614 3.2048031 0.4436614 2 P 0
L 3.0551968 0.5263386 3.2048031 0.5263386 2 P 0
L 3.0962992 1.65 3.1337008 1.65 1 P 0
L 3.1012992 1.385 3.1387008 1.385 1 P 0
L 3.1012992 1.47 3.1387008 1.47 1 P 0
L 3.1012992 1.555 3.1387008 1.555 1 P 0
L 3.1062992 0.58 3.1437008 0.58 1 P 0
L 3.1112992 0.485 3.1487008 0.485 1 P 0
L 3.115 1.6312992 3.115 1.6687008 1 P 0
L 3.12 1.3662992 3.12 1.4037008 1 P 0
L 3.12 1.4512992 3.12 1.4887008 1 P 0
L 3.12 1.5362992 3.12 1.5737008 1 P 0
L 3.1203149 2.03 3.159685 2.03 1 P 0
L 3.125 0.5612992 3.125 0.5987008 1 P 0
L 3.13 0.4662992 3.13 0.5037008 1 P 0
L 3.14 2.010315 3.14 2.049685 1 P 0
L 3.1898031 1.6086614 3.1898031 1.6913386 2 P 0
L 3.1948031 1.3436614 3.1948031 1.4263386 2 P 0
L 3.1948031 1.5136614 3.1948031 1.5963386 2 P 0
L 3.1948032 1.4286614 3.1948032 1.5113386 2 P 0
L 3.1998031 0.5386614 3.1998031 0.6213386 2 P 0
L 3.2048031 0.4436614 3.2048031 0.5263386 2 P 0
L 3.2354725 1.3018504 3.2354725 1.4081496 2 P 0
L 3.2354725 1.3018504 3.2945276 1.3018504 2 P 0
L 3.2354725 1.4081496 3.2945276 1.4081496 2 P 0
L 3.2472835 1.355 3.2827165 1.355 1 P 0
L 3.265 1.3372835 3.265 1.3727165 1 P 0
L 3.2686614 1.9351968 3.2686614 2.0848031 2 P 0
L 3.2686614 1.9351968 3.3513386 1.9351968 2 P 0
L 3.2686614 2.0848031 3.3513386 2.0848031 2 P 0
L 3.2827165 1.9717323 3.2827165 2.0859055 2 P 0
L 3.2912992 2.01 3.3287008 2.01 1 P 0
L 3.2945276 1.3018504 3.2945276 1.4081496 2 P 0
L 3.3024016 0.2912205 3.3024016 0.5018504 2 P 0
L 3.3024016 0.2912205 3.7275984 0.2912205 2 P 0
L 3.3024016 0.5018504 3.7275984 0.5018504 2 P 0
L 3.3024016 1.0612205 3.3024016 1.2718504 2 P 0
L 3.3024016 1.0612205 3.7275984 1.0612205 2 P 0
L 3.3024016 1.2718504 3.7275984 1.2718504 2 P 0
L 3.3024016 1.2812205 3.3024016 1.4918504 2 P 0
L 3.3024016 1.2812205 3.7275984 1.2812205 2 P 0
L 3.3024016 1.4918504 3.7275984 1.4918504 2 P 0
L 3.3024016 1.5162205 3.3024016 1.7268504 2 P 0
L 3.3024016 1.5162205 3.7275984 1.5162205 2 P 0
L 3.3024016 1.7268504 3.7275984 1.7268504 2 P 0
L 3.3024016 1.7312205 3.3024016 1.9418504 2 P 0
L 3.3024016 1.7312205 3.7275984 1.7312205 2 P 0
L 3.3024016 1.9418504 3.7275984 1.9418504 2 P 0
L 3.3074016 0.0212205 3.3074016 0.2318504 2 P 0
L 3.3074016 0.0212205 3.7325984 0.0212205 2 P 0
L 3.3074016 0.2318504 3.7325984 0.2318504 2 P 0
L 3.31 1.9912992 3.31 2.0287008 1 P 0
L 3.3436614 2.1451968 3.3436614 2.2948031 2 P 0
L 3.3436614 2.1451968 3.4263386 2.1451968 2 P 0
L 3.3436614 2.2948031 3.4263386 2.2948031 2 P 0
L 3.3513386 1.9351968 3.3513386 2.0848031 2 P 0
L 3.3536614 1.9351968 3.3536614 2.0848031 2 P 0
L 3.3536614 1.9351968 3.4363386 1.9351968 2 P 0
L 3.3536614 2.0848031 3.4363386 2.0848031 2 P 0
L 3.3662992 2.22 3.4037008 2.22 1 P 0
L 3.3762992 2.01 3.4137008 2.01 1 P 0
L 3.385 2.2012992 3.385 2.2387008 1 P 0
L 3.395 1.9912992 3.395 2.0287008 1 P 0
L 3.4118504 0.8954725 3.4118504 0.9545276 2 P 0
L 3.4118504 0.8954725 3.5181496 0.8954725 2 P 0
L 3.4118504 0.9545276 3.5181496 0.9545276 2 P 0
L 3.4251969 2.2436614 3.4251969 2.3263386 2 P 0
L 3.4251969 2.2436614 3.5748032 2.2436614 2 P 0
L 3.4251969 2.3263386 3.5748032 2.3263386 2 P 0
L 3.4263386 2.1451968 3.4263386 2.2948031 2 P 0
L 3.4363386 1.9351968 3.4363386 2.0848031 2 P 0
L 3.4386614 1.9351969 3.4386614 2.0848032 2 P 0
L 3.4386614 1.9351969 3.5213386 1.9351969 2 P 0
L 3.4386614 2.0848032 3.5213386 2.0848032 2 P 0
L 3.4472835 0.925 3.4827165 0.925 1 P 0
L 3.4586614 0.5051968 3.4586614 0.6548031 2 P 0
L 3.4586614 0.5051968 3.5413386 0.5051968 2 P 0
L 3.4586614 0.6548031 3.5413386 0.6548031 2 P 0
L 3.4612992 2.01 3.4987008 2.01 1 P 0
L 3.465 0.9072835 3.465 0.9427165 1 P 0
L 3.48 1.9912992 3.48 2.0287008 1 P 0
L 3.4812992 0.58 3.5187008 0.58 1 P 0
L 3.4812992 2.285 3.5187008 2.285 1 P 0
L 3.495315 0.405 3.534685 0.405 1 P 0
L 3.495315 1.175 3.534685 1.175 1 P 0
L 3.495315 1.395 3.534685 1.395 1 P 0
L 3.495315 1.63 3.534685 1.63 1 P 0
L 3.495315 1.845 3.534685 1.845 1 P 0
L 3.5 0.5612992 3.5 0.5987008 1 P 0
L 3.5 2.2662992 3.5 2.3037008 1 P 0
L 3.500315 0.135 3.539685 0.135 1 P 0
L 3.515 0.385315 3.515 0.424685 1 P 0
L 3.515 1.155315 3.515 1.194685 1 P 0
L 3.515 1.375315 3.515 1.414685 1 P 0
L 3.515 1.610315 3.515 1.649685 1 P 0
L 3.515 1.825315 3.515 1.864685 1 P 0
L 3.5181496 0.8954725 3.5181496 0.9545276 2 P 0
L 3.52 0.115315 3.52 0.154685 1 P 0
L 3.5213386 1.9351969 3.5213386 2.0848032 2 P 0
L 3.5289764 2.0189764 3.5289764 2.1410236 2 P 0
L 3.5289764 2.0189764 3.6510236 2.0189764 2 P 0
L 3.5289764 2.1410236 3.6510236 2.1410236 2 P 0
L 3.5351968 1.9336614 3.5351968 2.0163386 2 P 0
L 3.5351968 1.9336614 3.6848031 1.9336614 2 P 0
L 3.5351968 2.0163386 3.6848031 2.0163386 2 P 0
L 3.5413386 0.5051968 3.5413386 0.6548031 2 P 0
L 3.5436614 0.5051968 3.5436614 0.6548031 2 P 0
L 3.5436614 0.5051968 3.6263386 0.5051968 2 P 0
L 3.5436614 0.6548031 3.6263386 0.6548031 2 P 0
L 3.5662992 0.58 3.6037008 0.58 1 P 0
L 3.570315 2.08 3.609685 2.08 1 P 0
L 3.5748032 2.2436614 3.5748032 2.3263386 2 P 0
L 3.585 0.5612992 3.585 0.5987008 1 P 0
L 3.59 2.060315 3.59 2.099685 1 P 0
L 3.5912992 1.975 3.6287008 1.975 1 P 0
L 3.6001969 2.2436614 3.6001969 2.3263386 2 P 0
L 3.6001969 2.2436614 3.7498032 2.2436614 2 P 0
L 3.6001969 2.3263386 3.7498032 2.3263386 2 P 0
L 3.61 1.9562992 3.61 1.9937008 1 P 0
L 3.6263386 0.5051968 3.6263386 0.6548031 2 P 0
L 3.6510236 2.0189764 3.6510236 2.1410236 2 P 0
L 3.6562992 2.285 3.6937008 2.285 1 P 0
L 3.675 2.2662992 3.675 2.3037008 1 P 0
L 3.6848031 1.9336614 3.6848031 2.0163386 2 P 0
L 3.7275984 0.2912205 3.7275984 0.5018504 2 P 0
L 3.7275984 1.0612205 3.7275984 1.2718504 2 P 0
L 3.7275984 1.2812205 3.7275984 1.4918504 2 P 0
L 3.7275984 1.5162205 3.7275984 1.7268504 2 P 0
L 3.7275984 1.7312205 3.7275984 1.9418504 2 P 0
L 3.7325984 0.0212205 3.7325984 0.2318504 2 P 0
L 3.7498032 2.2436614 3.7498032 2.3263386 2 P 0
L 3.82 0.595 3.87 0.595 3 P 0
L 3.825 1.6929134 3.875 1.6929134 3 P 0
L 3.845 0.57 3.845 0.62 3 P 0
L 3.85 1.6679134 3.85 1.7179134 3 P 0
S P 0
OB 0.161082 0.1982239 I
OS 0.1747872 0.1982239
OS 0.1747872 0.1923919
OS 0.161082 0.1923919
OS 0.161082 0.1786867
OS 0.1553229 0.1786867
OS 0.1553229 0.1923919
OS 0.1414719 0.1923919
OS 0.1414719 0.1982239
OS 0.1553229 0.1982239
OS 0.1553229 0.2119291
OS 0.161082 0.2119291
OS 0.161082 0.1982239
OE
SE
S P 0
OB 0.1625408 0.0864572 I
OS 0.1563443 0.0864572
OS 0.1563443 0.1056299
OS 0.1625408 0.1056299
OS 0.1625408 0.0864572
OE
SE
S P 0
OB 0.3476081 0.161082 I
OS 0.3613133 0.161082
OS 0.3613133 0.1553229
OS 0.3476081 0.1553229
OS 0.3476081 0.1414719
OS 0.3417761 0.1414719
OS 0.3417761 0.1553229
OS 0.3280709 0.1553229
OS 0.3280709 0.161082
OS 0.3417761 0.161082
OS 0.3417761 0.1747872
OS 0.3476081 0.1747872
OS 0.3476081 0.161082
OE
SE
S P 0
OB 0.4535428 0.1563443 I
OS 0.4343701 0.1563443
OS 0.4343701 0.1625408
OS 0.4535428 0.1625408
OS 0.4535428 0.1563443
OE
SE
